$ANSIBLE_VAULT;1.1;AES256
61323864646563663039353230396331663366306238383732616565383861363638386630663435
6331376632626432666636386233643266333166343966350a633732653631393136623066393134
61363730396162623061366235646233363061666366666364666365663364613564323764353163
3838336265613165630a396566363531653533323530363931353837303066346637336233366634
65653833643466663136346335333330346639343361383934653432396565356164336535386564
33303961343733326266323137383633353632643863626230373563396431653439303230616564
61363839333565663462303832373766336339663531626235636437376435653230346163363134
36613231636230633139306231623133613266366161623236396334666161393234386139383465
35643563343763386266633735666666636337373965613063666534393038326662636534653136
31643531623239663534363464393866623961643335666263333261343266393565336437386561
64623066633530363365306431373831393931666330376361333161346638383033336232333166
63613938643434626434363062633265373436303330393137363536656434616639336630623238
33653436323335373233313737373032366637313163303761396162646365333634656563353564
33356634323335316136663963653261333031303637616234323931346663396562353432393465
32663462616135336630383531643566666438373130373538386664306664666261303730373931
32376237663535313431663435343435386261336165313339363737396338646363373963663734
65333965626135343331653365623631666331613837373832336562326464393765376164376661
63326464306331643066376239663235316163303538386630636335623733616263373233643039
31393437363034363435393230646662326430343064643339363332326134316334356531636361
32333165383465356438613239376235303131313136383534643831646131336462313663336666
62343530343164313039653737386638336665613532366163653635313532653665
