$ANSIBLE_VAULT;1.1;AES256
64306339626636373736653833663035633439393763306366313236623866353764313233623164
6636363838633230376663643730383136313133303061660a636638653134626565656662623161
31383563303966393535326336343530383962373633333132316339353132323964376535316438
3962393339386230380a633664333738386464626139376232626537376565323566643937306436
64373466663364363134363638373936616237633937333431653962303166323032633131613138
64663534363636303436643339643337393132373734313531613735656462303862643532656633
66383335323637393031666463373234666234393937626163616335353432346462663837663032
37343431333836356363313337356264633561643835326530333038313430393330643932396339
32313662373636373265353830356261666232366165386236653632646634306232373637373334
35656130393339613762363737623463303431343461333036643966366636303035656366386233
62643662623534313834373762656465333339373638363165653136633565343732366334316662
32663965363864636532633335386139303834313637306561373933663038383830393136613636
34333538626430333932363162356561373562346661623538663732396561663434633136343538
61393339626339636362656239653236313639373237633663373530666364656434373137316361
37363665323335623037303566303334653465373738666263366263363834336463373332636265
63363461363136666661666138623862643134316238343332313838643639643738353465663439
32666337386566663339306163376230613230306634323961373530333339613330626336303566
31643239396330616166616330616564376532373264353733336464633534366462333863393839
61623237363239623137343532643437633132623134386430366238366632626137383864323937
30666466393731623865396366336134623662613364633230343062663830333664373931363964
39313137613237386434363336366239653064373261333335306165313466306165383335386139
34626432626138333365663433323639323438613064353231623838376436333638613831633838
31313364333063663335663033353063396265336262363163636265373934383731363539313230
61396466306461653339316334306538346638306330343532386561316664633939633136316238
64656236393066616339373635636230633330396536356437313034663938383833316539653131
61346235613736313735353433343862303837336330356231303062326339663064643734363363
36623062656363376366653439306161616237373161653539303432376466396139626631623164
39613733373561613065646631346138633064303565386161326366363937373766633631646638
66343262633037396133656135613661343235343862383536303736616236316635386263666431
63343333626239376332636139313935663630656139353030313163383630333864633365303432
38323636613764373133643437383962343962613366373966656332616563343136613663613030
39666438623232613065653037376436613261633562323133666236626137633636376563306162
32363435376265306335313631313638343162336362346333653165396665303432663436393430
32313066313039376233626666656264313566376130663963383033333435643133373763376530
36303235646434393866353631613837633835633831623231313639353335366231346137333163
61613362373633326666303632663365666664613331616638666230643533306434343861326234
63326338393630623832396463306134663138623962386337633734303261666133373637396630
66356532333262666538663766613066396438386635353561396533313439333836623739373966
32386335663139653465343562313936336530383836613632623337376263363231313864633962
64646664343265623832613438663365636266316461643433643032343931626461336536636138
66336634666330376139653734656134303234366464306139396631656535366263376131353632
61656566653032386630386530656438663365633233626435643561333264376235383530646435
66623763666432386331363761613161373037383530346564306538613537623631333731393031
63386331376134346632636538383537333064393065653261653631663966623734623638366238
32633231363862303435613734366634323932646637633230613136363763306332663533666130
64333930666363623164333534643036336231633030383461303731366261373062613065306262
37616631386330353232323364303864666364616633333431303235343865393139356665646639
38313334363038656337643231343762633466316334393935303266633964653565613561303736
66386431613264313465623330656534656330353330643662363532366563333137633132323635
32313332336663346239313036336332396636393037623930343538623763383665373065643334
61386363333437663365623061316136356465663731666132323739316466373338306130386130
34656239643065386533333965303565643564626133303566316538316439616563643633333236
36393366383061303461373733626263633635313864353631356234643734636537393433376437
66376634376365383832623039326430396161313037336236656330386231343139333130343934
36303337353733313266343165613866356262303836663162326466396634663335376562636461
39363336303338383264313463373062613131343138353132306238633561663530643936333539
66383435383037336162616464306239366665636337343933376361303364663532613632313534
30373030643432303935356337356238663263373864306563343839373835363861616265663635
30306430356166323262323333666466636430303431346635336336616137653031623438363533
64626164313639623061366230303063323764336264346637653238633137376662333366633534
31646666666334363866383732303462333939393139383337643062346163623034326230396239
38653238316537613132663935333435393864616335323465333531613164653066623064323939
36363765643863333437356265333539363830656238613937383561343930623333366431303733
66366338616439336537666637303632353036316133376632633038633862326134633930663732
63393133303464366565396436653831386361383330363030313131613662326164343934663635
32326261353737626335396332323536633235333331643161363432303862646162353637646364
36313434303737326230303537366134326363616138363065613163346166313265623939353038
31633930323134363830613032643165636265356234316466356633343939323833643635656537
39663737303363663062343730333434623735373366303637333834633635373861346463656261
63333937383734303161643231373637306635356234303065376361373263393963353964356166
33373761326362343831323962306262373537643063343466323538643339363232353066303637
32383734333439663535336634383734396135393361373766356438646365643962393132666264
65656564303331326264316663336533343836313666386630616363373635653930313634643763
30333938653162306462306465393433613039346665323465373333313463393964323561633362
36313633383164343531663838343763366235306334323632396438313462353431396164353332
37303633656338356239623564336130623366663664613037353831353961363135666565346335
62383666313539303364376133323233363061356566303134623262363939613962656632323566
65343232303964373664313862636665366139323764646330366361316332343735613163633830
36386136373030393663376636353966646631393839383336643938393234393865383466316339
33653632383832303365613539353264373934633736393965646564663537363931663462343234
32323831613438623730303536376535363364663637666130666132653034646632316431663330
65396665363361396539343735323066663234616533316639613663303365633239343464326266
34626561326161353364623831636264623334373334656363316335636232396433623234653336
34353466383165383464633365333337623336633966326537656566343063643161633332333133
39333139333134616662613265323863643638303030366564653038343464653236613435326163
36663038353561343232333237626530633363386262353535376261306365376235636664643733
31373033306234613131393530343062323666333663373630323838316663616534613934353139
34396332323465656132
